个位数的top10：file32 file99 file18 file92 file80 file5 file91 file61 file30 file90 
file32 个位数：0.016%  十位数：0.080%  百位数：0.893%  千位数：8.968%  万位数：90.043%  十万位数：0.000%
file99 个位数：0.015%  十位数：0.111%  百位数：0.889%  千位数：8.789%  万位数：90.196%  十万位数：0.000%
file18 个位数：0.015%  十位数：0.090%  百位数：0.938%  千位数：8.931%  万位数：90.025%  十万位数：0.001%
file92 个位数：0.014%  十位数：0.091%  百位数：0.931%  千位数：9.042%  万位数：89.920%  十万位数：0.002%
file80 个位数：0.014%  十位数：0.089%  百位数：0.897%  千位数：9.063%  万位数：89.937%  十万位数：0.000%
file5 个位数：0.014%  十位数：0.106%  百位数：0.884%  千位数：8.967%  万位数：90.029%  十万位数：0.000%
file91 个位数：0.013%  十位数：0.106%  百位数：0.900%  千位数：9.159%  万位数：89.822%  十万位数：0.000%
file61 个位数：0.013%  十位数：0.100%  百位数：0.933%  千位数：9.087%  万位数：89.867%  十万位数：0.000%
file30 个位数：0.013%  十位数：0.072%  百位数：0.858%  千位数：8.799%  万位数：90.258%  十万位数：0.000%
file90 个位数：0.012%  十位数：0.088%  百位数：0.868%  千位数：9.012%  万位数：90.019%  十万位数：0.001%

十位数的top10：file99 file35 file73 file10 file8 file5 file91 file43 file3 file94 
file99 个位数：0.015%  十位数：0.111%  百位数：0.889%  千位数：8.789%  万位数：90.196%  十万位数：0.000%
file35 个位数：0.008%  十位数：0.111%  百位数：0.915%  千位数：9.105%  万位数：89.860%  十万位数：0.001%
file73 个位数：0.007%  十位数：0.110%  百位数：0.895%  千位数：8.935%  万位数：90.052%  十万位数：0.001%
file10 个位数：0.009%  十位数：0.108%  百位数：0.918%  千位数：9.136%  万位数：89.828%  十万位数：0.001%
file8 个位数：0.007%  十位数：0.107%  百位数：0.932%  千位数：8.965%  万位数：89.987%  十万位数：0.002%
file5 个位数：0.014%  十位数：0.106%  百位数：0.884%  千位数：8.967%  万位数：90.029%  十万位数：0.000%
file91 个位数：0.013%  十位数：0.106%  百位数：0.900%  千位数：9.159%  万位数：89.822%  十万位数：0.000%
file43 个位数：0.010%  十位数：0.104%  百位数：0.896%  千位数：9.004%  万位数：89.986%  十万位数：0.000%
file3 个位数：0.008%  十位数：0.104%  百位数：0.906%  千位数：9.083%  万位数：89.899%  十万位数：0.000%
file94 个位数：0.007%  十位数：0.104%  百位数：0.920%  千位数：8.984%  万位数：89.985%  十万位数：0.000%

百位数的top10：file17 file65 file6 file59 file78 file21 file4 file95 file40 file18 
file17 个位数：0.009%  十位数：0.087%  百位数：0.976%  千位数：9.095%  万位数：89.831%  十万位数：0.002%
file65 个位数：0.006%  十位数：0.098%  百位数：0.965%  千位数：8.989%  万位数：89.942%  十万位数：0.000%
file6 个位数：0.007%  十位数：0.083%  百位数：0.957%  千位数：9.066%  万位数：89.886%  十万位数：0.001%
file59 个位数：0.006%  十位数：0.089%  百位数：0.952%  千位数：9.124%  万位数：89.829%  十万位数：0.000%
file78 个位数：0.007%  十位数：0.088%  百位数：0.950%  千位数：8.890%  万位数：90.064%  十万位数：0.001%
file21 个位数：0.010%  十位数：0.087%  百位数：0.944%  千位数：9.128%  万位数：89.831%  十万位数：0.000%
file4 个位数：0.012%  十位数：0.097%  百位数：0.940%  千位数：8.992%  万位数：89.958%  十万位数：0.001%
file95 个位数：0.006%  十位数：0.090%  百位数：0.940%  千位数：9.101%  万位数：89.862%  十万位数：0.001%
file40 个位数：0.007%  十位数：0.091%  百位数：0.938%  千位数：8.982%  万位数：89.979%  十万位数：0.003%
file18 个位数：0.015%  十位数：0.090%  百位数：0.938%  千位数：8.931%  万位数：90.025%  十万位数：0.001%

千位数的top10：file34 file91 file93 file42 file10 file21 file59 file55 file33 file35 
file34 个位数：0.010%  十位数：0.093%  百位数：0.908%  千位数：9.171%  万位数：89.816%  十万位数：0.002%
file91 个位数：0.013%  十位数：0.106%  百位数：0.900%  千位数：9.159%  万位数：89.822%  十万位数：0.000%
file93 个位数：0.009%  十位数：0.073%  百位数：0.907%  千位数：9.144%  万位数：89.867%  十万位数：0.000%
file42 个位数：0.008%  十位数：0.082%  百位数：0.897%  千位数：9.139%  万位数：89.874%  十万位数：0.000%
file10 个位数：0.009%  十位数：0.108%  百位数：0.918%  千位数：9.136%  万位数：89.828%  十万位数：0.001%
file21 个位数：0.010%  十位数：0.087%  百位数：0.944%  千位数：9.128%  万位数：89.831%  十万位数：0.000%
file59 个位数：0.006%  十位数：0.089%  百位数：0.952%  千位数：9.124%  万位数：89.829%  十万位数：0.000%
file55 个位数：0.010%  十位数：0.098%  百位数：0.877%  千位数：9.114%  万位数：89.900%  十万位数：0.001%
file33 个位数：0.011%  十位数：0.085%  百位数：0.874%  千位数：9.112%  万位数：89.917%  十万位数：0.001%
file35 个位数：0.008%  十位数：0.111%  百位数：0.915%  千位数：9.105%  万位数：89.860%  十万位数：0.001%

万位数的top10：file30 file99 file66 file31 file50 file36 file76 file29 file51 file41 
file30 个位数：0.013%  十位数：0.072%  百位数：0.858%  千位数：8.799%  万位数：90.258%  十万位数：0.000%
file99 个位数：0.015%  十位数：0.111%  百位数：0.889%  千位数：8.789%  万位数：90.196%  十万位数：0.000%
file66 个位数：0.006%  十位数：0.089%  百位数：0.832%  千位数：8.890%  万位数：90.179%  十万位数：0.004%
file31 个位数：0.003%  十位数：0.072%  百位数：0.885%  千位数：8.863%  万位数：90.175%  十万位数：0.002%
file50 个位数：0.006%  十位数：0.080%  百位数：0.877%  千位数：8.868%  万位数：90.168%  十万位数：0.001%
file36 个位数：0.009%  十位数：0.094%  百位数：0.876%  千位数：8.852%  万位数：90.168%  十万位数：0.001%
file76 个位数：0.009%  十位数：0.093%  百位数：0.897%  千位数：8.844%  万位数：90.156%  十万位数：0.001%
file29 个位数：0.009%  十位数：0.090%  百位数：0.892%  千位数：8.863%  万位数：90.145%  十万位数：0.001%
file51 个位数：0.007%  十位数：0.091%  百位数：0.908%  千位数：8.851%  万位数：90.143%  十万位数：0.000%
file41 个位数：0.010%  十位数：0.079%  百位数：0.867%  千位数：8.904%  万位数：90.140%  十万位数：0.000%

十万位数的top10：file66 file7 file12 file85 file40 file89 file98 file31 file74 file77 
file66 个位数：0.006%  十位数：0.089%  百位数：0.832%  千位数：8.890%  万位数：90.179%  十万位数：0.004%
file7 个位数：0.009%  十位数：0.089%  百位数：0.895%  千位数：8.930%  万位数：90.073%  十万位数：0.004%
file12 个位数：0.008%  十位数：0.093%  百位数：0.923%  千位数：8.950%  万位数：90.023%  十万位数：0.003%
file85 个位数：0.011%  十位数：0.087%  百位数：0.915%  千位数：8.995%  万位数：89.989%  十万位数：0.003%
file40 个位数：0.007%  十位数：0.091%  百位数：0.938%  千位数：8.982%  万位数：89.979%  十万位数：0.003%
file89 个位数：0.008%  十位数：0.080%  百位数：0.902%  千位数：9.097%  万位数：89.910%  十万位数：0.003%
file98 个位数：0.007%  十位数：0.084%  百位数：0.905%  千位数：9.100%  万位数：89.901%  十万位数：0.003%
file31 个位数：0.003%  十位数：0.072%  百位数：0.885%  千位数：8.863%  万位数：90.175%  十万位数：0.002%
file74 个位数：0.007%  十位数：0.091%  百位数：0.899%  千位数：8.869%  万位数：90.132%  十万位数：0.002%
file77 个位数：0.007%  十位数：0.072%  百位数：0.852%  千位数：8.994%  万位数：90.073%  十万位数：0.002%

